USING SCAN PRESET: accurate
-- init_len:16; flip_operations:8 --

-- : [8, 5, 10, 15, 3, 7, 13, 6, 2, 4, 12, 9, 1, 14, 16, 11]
1  : [8, 10, 15, 3, 7, 13, 6, 2, 4, 12, 9, 1, 14, 16, 11]
3  : [15, 10, 8, 7, 13, 6, 2, 4, 12, 9, 1, 14, 16, 11]
11 : [1, 9, 12, 4, 2, 6, 13, 7, 8, 10, 15, 16, 11]
3  : [12, 9, 1, 2, 6, 13, 7, 8, 10, 15, 16, 11]
5  : [6, 2, 1, 9, 12, 7, 8, 10, 15, 16, 11]
4  : [9, 1, 2, 6, 7, 8, 10, 15, 16, 11]
9  : [16, 15, 10, 8, 7, 6, 2, 1, 9]
8  : [1, 2, 6, 7, 8, 10, 15, 16]
PUWE: 8

 time: 7.243s
