USING SCAN PRESET: fast
-- init_len:15; flip_operations:9 --

-- : [14, 8, 4, 12, 13, 2, 1, 15, 7, 11, 3, 9, 5, 10, 6]
8  : [15, 1, 2, 13, 12, 4, 8, 14, 11, 3, 9, 5, 10, 6]
11 : [9, 3, 11, 14, 8, 4, 12, 13, 2, 1, 15, 10, 6]
0  : [3, 11, 14, 8, 4, 12, 13, 2, 1, 15, 10, 6]
6  : [12, 4, 8, 14, 11, 3, 2, 1, 15, 10, 6]
0  : [4, 8, 14, 11, 3, 2, 1, 15, 10, 6]
3  : [14, 8, 4, 3, 2, 1, 15, 10, 6]
5  : [2, 3, 4, 8, 14, 15, 10, 6]
6  : [15, 14, 8, 4, 3, 2, 6]
6  : [2, 3, 4, 8, 14, 15]
PUWE: 9

 time: 0.311s
