USING SCAN PRESET: normal
-- init_len:16; flip_operations:9 --

-- : [8, 5, 10, 15, 3, 7, 13, 6, 2, 4, 12, 9, 1, 14, 16, 11]
1  : [8, 10, 15, 3, 7, 13, 6, 2, 4, 12, 9, 1, 14, 16, 11]
3  : [15, 10, 8, 7, 13, 6, 2, 4, 12, 9, 1, 14, 16, 11]
11 : [1, 9, 12, 4, 2, 6, 13, 7, 8, 10, 15, 16, 11]
3  : [12, 9, 1, 2, 6, 13, 7, 8, 10, 15, 16, 11]
11 : [16, 15, 10, 8, 7, 13, 6, 2, 1, 9, 12]
5  : [7, 8, 10, 15, 16, 6, 2, 1, 9, 12]
4  : [15, 10, 8, 7, 6, 2, 1, 9, 12]
8  : [9, 1, 2, 6, 7, 8, 10, 15]
0  : [1, 2, 6, 7, 8, 10, 15]
PUWE: 9

 time: 2.981s
