USING SCAN PRESET: fast
-- init_len:16; flip_operations:10 --

-- : [8, 5, 10, 15, 3, 7, 13, 6, 2, 4, 12, 9, 1, 14, 16, 11]
1  : [8, 10, 15, 3, 7, 13, 6, 2, 4, 12, 9, 1, 14, 16, 11]
3  : [15, 10, 8, 7, 13, 6, 2, 4, 12, 9, 1, 14, 16, 11]
11 : [1, 9, 12, 4, 2, 6, 13, 7, 8, 10, 15, 16, 11]
3  : [12, 9, 1, 2, 6, 13, 7, 8, 10, 15, 16, 11]
4  : [2, 1, 9, 12, 13, 7, 8, 10, 15, 16, 11]
10 : [16, 15, 10, 8, 7, 13, 12, 9, 1, 2]
9  : [1, 9, 12, 13, 7, 8, 10, 15, 16]
1  : [1, 12, 13, 7, 8, 10, 15, 16]
2  : [12, 1, 7, 8, 10, 15, 16]
0  : [1, 7, 8, 10, 15, 16]
PUWE: 10

 time: 0.452s
