USING SCAN PRESET: normal
-- init_len:15; flip_operations:9 --

-- : [14, 8, 4, 12, 13, 2, 1, 15, 7, 11, 3, 9, 5, 10, 6]
12 : [9, 3, 11, 7, 15, 1, 2, 13, 12, 4, 8, 14, 10, 6]
3  : [11, 3, 9, 15, 1, 2, 13, 12, 4, 8, 14, 10, 6]
5  : [1, 15, 9, 3, 11, 13, 12, 4, 8, 14, 10, 6]
2  : [15, 1, 3, 11, 13, 12, 4, 8, 14, 10, 6]
7  : [4, 12, 13, 11, 3, 1, 15, 14, 10, 6]
3  : [13, 12, 4, 3, 1, 15, 14, 10, 6]
7  : [14, 15, 1, 3, 4, 12, 13, 6]
7  : [13, 12, 4, 3, 1, 15, 14]
5  : [1, 3, 4, 12, 13, 14]
PUWE: 9

 time: 2.175s
